0	0.0364
0.00625	0.036758709
0.0125	0.034408037
0.01875	0.035747997
0.025	0.036582054
0.03125	0.034153733
0.0375	0.034226699
0.04375	0.037576263
0.05	0.036863953
0.05625	0.038151233
0.0625	0.036648252
0.06875	0.037536455
0.075	0.036645542
0.08125	0.037371239
0.0875	0.034680077
0.09375	0.035772643
0.1	0.037126666
0.10625	0.034489188
0.1125	0.034599641
0.11875	0.03486353
0.125	0.036307172
0.13125	0.035010159
0.1375	0.034322025
0.14375	0.03850312
0.15	0.037186907
0.15625	0.036473256
0.1625	0.039740072
0.16875	0.035675825
0.175	0.037265716
0.18125	0.038822411
0.1875	0.034695819
0.19375	0.038126267
0.2	0.037943449
0.20625	0.036252981
0.2125	0.038991575
0.21875	0.037330227
0.225	0.037719956
0.23125	0.036252253
0.2375	0.038725585
0.24375	0.037244455
0.25	0.038295085
0.25625	0.035661958
0.2625	0.036544081
0.26875	0.038437961
0.275	0.03756869
0.28125	0.035611027
0.2875	0.035416372
0.29375	0.037470536
0.3	0.037340623
0.30625	0.037344889
0.3125	0.034505695
0.31875	0.036990359
0.325	0.037310739
0.33125	0.036488433
0.3375	0.036758655
0.34375	0.038947011
0.35	0.037178896
0.35625	0.03550194
0.3625	0.034512302
0.36875	0.036870583
0.375	0.037244952
0.38125	0.037627941
0.3875	0.039148513
0.39375	0.037938067
0.4	0.037008768
0.40625	0.037524187
0.4125	0.034084265
0.41875	0.035933368
0.425	0.037470207
0.43125	0.034687591
0.4375	0.033817134
0.44375	0.038869105
0.45	0.037029134
0.45625	0.037851774
0.4625	0.034056178
0.46875	0.03491452
0.475	0.036785417
0.48125	0.038284122
0.4875	0.03830478
0.49375	0.039031137
0.5	0.036338926
0.50625	0.035585827
0.5125	0.034411862
0.51875	0.035109312
0.525	0.036989535
0.53125	0.035136776
0.5375	0.036629073
0.54375	0.035801484
0.55	0.03683712
0.55625	0.036127456
0.5625	0.034620462
0.56875	0.037015775
0.575	0.037981559
0.58125	0.03731454
0.5875	0.038437757
0.59375	0.039617639
0.6	0.039522736
0.60625	0.039645833
0.6125	0.041929205
0.61875	0.042686049
0.625	0.042160534
0.63125	0.041024076
0.6375	0.044185024
0.64375	0.043369364
0.65	0.044394843
0.65625	0.045196032
0.6625	0.044774205
0.66875	0.044837799
0.675	0.046025555
0.68125	0.044589134
0.6875	0.043365114
0.69375	0.048146011
0.7	0.046752566
0.70625	0.047504884
0.7125	0.048607992
0.71875	0.047431758
0.725	0.046975775
0.73125	0.048351581
0.7375	0.045222577
0.74375	0.046209307
0.75	0.046395085
0.75625	0.047191336
0.7625	0.043805766
0.76875	0.045030896
0.775	0.046210403
0.78125	0.04623985
0.7875	0.047227535
0.79375	0.044734707
0.8	0.04592164
0.80625	0.043452413
0.8125	0.041807318
0.81875	0.043920226
0.825	0.04512871
0.83125	0.044252701
0.8375	0.047404696
0.84375	0.044085152
0.85	0.045431533
0.85625	0.046222914
0.8625	0.046704172
0.86875	0.04351793
0.875	0.045030033
0.88125	0.043750153
0.8875	0.043563243
0.89375	0.046411319
0.9	0.045724135
0.90625	0.047036499
0.9125	0.043462923
0.91875	0.047623525
0.925	0.045713773
0.93125	0.04669496
0.9375	0.045961315
0.94375	0.046210045
0.95	0.044998882
0.95625	0.044015023
0.9625	0.045461498
0.96875	0.042509471
0.975	0.044479404
0.98125	0.045130412
0.9875	0.041456959
0.99375	0.045852998
1	0.044055283
1.00625	0.04311023
1.0125	0.043140709
1.01875	0.043829809
1.025	0.044326468
1.03125	0.043465894
1.0375	0.044842257
1.04375	0.043227298
1.05	0.043392916
1.05625	0.043805814
1.0625	0.043472229
1.06875	0.040635401
1.075	0.042454584
1.08125	0.042532106
1.0875	0.040318294
1.09375	0.04351346
1.1	0.042411436
1.10625	0.040595045
1.1125	0.041802954
1.11875	0.041855349
1.125	0.041863442
1.13125	0.040822102
1.1375	0.042008121
1.14375	0.040839454
1.15	0.041810574
1.15625	0.039352626
1.1625	0.037298141
1.16875	0.039912888
1.175	0.04145281
1.18125	0.042526214
1.1875	0.038015464
1.19375	0.042620765
1.2	0.041190134
1.20625	0.039133359
1.2125	0.037959506
1.21875	0.042075779
1.225	0.041022533
1.23125	0.038864056
1.2375	0.038052366
1.24375	0.042078171
1.25	0.04065
1.25625	0.037733222
1.2625	0.041842807
1.26875	0.041287761
1.275	0.041272533
1.28125	0.041584393
1.2875	0.04134139
1.29375	0.040684939
1.3	0.043090134
1.30625	0.044109855
1.3125	0.043720402
1.31875	0.046272727
1.325	0.04520281
1.33125	0.045327094
1.3375	0.045417537
1.34375	0.048550025
1.35	0.048010574
1.35625	0.048255279
1.3625	0.047828523
1.36875	0.047840687
1.375	0.049913442
1.38125	0.050028977
1.3875	0.050659653
1.39375	0.050179393
1.4	0.050511436
1.40625	0.048229685
1.4125	0.050638666
1.41875	0.050807424
1.425	0.051004584
1.43125	0.049428497
1.4375	0.052338958
1.44375	0.05070166
1.45	0.050292916
1.45625	0.051785452
1.4625	0.047673207
1.46875	0.048966145
1.475	0.049576468
1.48125	0.050702338
1.4875	0.050001015
1.49375	0.047896296
1.5	0.048455283
1.50625	0.045364286
1.5125	0.047306737
1.51875	0.047726565
1.525	0.047629404
1.53125	0.046451402
1.5375	0.04615845
1.54375	0.048869567
1.55	0.047398882
1.55625	0.048148241
1.5625	0.047995359
1.56875	0.048053584
1.575	0.046863773
1.58125	0.046068533
1.5875	0.044011782
1.59375	0.045456784
1.6	0.047224135
1.60625	0.046266384
1.6125	0.045354383
1.61875	0.047475939
1.625	0.047080033
1.63125	0.045339929
1.6375	0.043475138
1.64375	0.045757539
1.65	0.046931533
1.65625	0.046975045
1.6625	0.048555443
1.66875	0.046026511
1.675	0.04687871
1.68125	0.046122798
1.6875	0.04628517
1.69375	0.044830854
1.7	0.04622164
1.70625	0.04749295
1.7125	0.044425825
1.71875	0.047254258
1.725	0.046360403
1.73125	0.047312048
1.7375	0.047849972
1.74375	0.04439593
1.75	0.045395085
1.75625	0.043455641
1.7625	0.043785877
1.76875	0.042610457
1.775	0.045125775
1.78125	0.044884477
1.7875	0.042751727
1.79375	0.043765335
1.8	0.044752566
1.80625	0.04272239
1.8125	0.04332148
1.81875	0.041888026
1.825	0.043975555
1.83125	0.042858593
1.8375	0.045380018
1.84375	0.043215219
1.85	0.043794843
1.85625	0.041819334
1.8625	0.044082536
1.86875	0.044116549
1.875	0.042610534
1.88125	0.043370044
1.8875	0.041510149
1.89375	0.043512623
1.9	0.042722736
1.90625	0.043479023
1.9125	0.03867708
1.91875	0.040374904
1.925	0.042231559
1.93125	0.041724132
1.9375	0.043554414
1.94375	0.043439412
1.95	0.04223712
1.95625	0.040794295
1.9625	0.043773796
1.96875	0.043282909
1.975	0.042539535
1.98125	0.041901726
1.9875	0.042986725
1.99375	0.044443193
2	0.044938926
2.00625	0.044555046
2.0125	0.048997903
2.01875	0.04551828
2.025	0.048335417
2.03125	0.048192408
2.0375	0.047474168
2.04375	0.049295249
2.05	0.051129134
2.05625	0.050511317
2.0625	0.04988931
2.06875	0.049807417
2.075	0.052420207
2.08125	0.052749757
2.0875	0.051449082
2.09375	0.050288257
2.1	0.052608768
2.10625	0.050961811
2.1125	0.050063716
2.11875	0.053158891
2.125	0.051994952
2.13125	0.049471484
2.1375	0.053493109
2.14375	0.049538556
2.15	0.050978896
2.15625	0.048084492
2.1625	0.049591206
2.16875	0.050443495
2.175	0.049960739
2.18125	0.047680145
2.1875	0.048007327
2.19375	0.046471837
2.2	0.048440623
2.20625	0.045565032
2.2125	0.047752812
2.21875	0.045271974
2.225	0.04751869
2.23125	0.047654635
2.2375	0.045266223
2.24375	0.044323751
2.25	0.046995085
2.25625	0.046429281
2.2625	0.048015629
2.26875	0.046338395
2.275	0.046569956
2.28125	0.047093964
2.2875	0.044850948
2.29375	0.047866581
2.3	0.047043449
2.30625	0.045138011
2.3125	0.047910484
2.31875	0.047544448
2.325	0.046515716
2.33125	0.04480068
2.3375	0.045179119
2.34375	0.048682016
2.35	0.046686907
2.35625	0.044470893
2.3625	0.046076215
2.36875	0.046833821
2.375	0.046457172
2.38125	0.04722366
2.3875	0.046267348
2.39375	0.043833788
2.4	0.045126666
2.40625	0.046686151
2.4125	0.046624466
2.41875	0.044915753
2.425	0.044995542
2.43125	0.044678647
2.4375	0.042740096
2.44375	0.042298235
2.45	0.043763953
2.45625	0.042098347
2.4625	0.042526874
2.46875	0.040733661
2.475	0.043432054
2.48125	0.044613923
2.4875	0.045638222
2.49375	0.044257869
2.5	0.0432
2.50625	0.043060111
2.5125	0.043563518
2.51875	0.042029374
2.525	0.042467946
2.53125	0.040530961
2.5375	0.042454904
2.54375	0.040734629
2.55	0.041536047
2.55625	0.039466037
2.5625	0.039135427
2.56875	0.041880822
2.575	0.041204458
2.58125	0.04212804
2.5875	0.039084815
2.59375	0.040458328
2.6	0.040773334
2.60625	0.040705038
2.6125	0.040246175
2.61875	0.041577694
2.625	0.039942828
2.63125	0.038660021
2.6375	0.039156852
2.64375	0.040579917
2.65	0.040113093
2.65625	0.040591426
2.6625	0.037655558
2.66875	0.039564141
2.675	0.042384284
2.68125	0.040617165
2.6875	0.04356011
2.69375	0.045419547
2.7	0.045656551
2.70625	0.0471941
2.7125	0.04645146
2.71875	0.049183252
2.725	0.049230044
2.73125	0.048208453
2.7375	0.048529071
2.74375	0.050353096
2.75	0.051204915
2.75625	0.051393779
2.7625	0.051473554
2.76875	0.051878173
2.775	0.05158131
2.78125	0.051944517
2.7875	0.051052803
2.79375	0.04898217
2.8	0.050659377
2.80625	0.051519689
2.8125	0.048228349
2.81875	0.048453046
2.825	0.049939261
2.83125	0.050263821
2.8375	0.045905951
2.84375	0.049532263
2.85	0.048821104
2.85625	0.049042502
2.8625	0.045391712
2.86875	0.045606518
2.875	0.047305048
2.88125	0.044417715
2.8875	0.046552696
2.89375	0.04614892
2.9	0.045691232
2.90625	0.044852168
2.9125	0.042678772
2.91875	0.043747148
2.925	0.045479793
2.93125	0.042726258
2.9375	0.042137485
2.94375	0.043004337
2.95	0.045170866
2.95625	0.045771832
2.9625	0.047264612
2.96875	0.045636934
2.975	0.045464583
2.98125	0.045180404
2.9875	0.047534995
2.99375	0.04659674
3	0.045361074
3.00625	0.046193671
3.0125	0.044696622
3.01875	0.044532114
3.025	0.046060465
3.03125	0.043973016
3.0375	0.046283483
3.04375	0.044196793
3.05	0.04556288
3.05625	0.04611703
3.0625	0.04257593
3.06875	0.04620272
3.075	0.044968441
3.08125	0.044743696
3.0875	0.043345599
3.09375	0.044851675
3.1	0.044577264
3.10625	0.042129848
3.1125	0.04088178
3.11875	0.041179517
3.125	0.043389466
3.13125	0.044216896
3.1375	0.041991141
3.14375	0.04443484
3.15	0.042705157
3.15625	0.043354641
3.1625	0.041305259
3.16875	0.041452468
3.175	0.041924445
3.18125	0.042445259
3.1875	0.042262758
3.19375	0.041641284
3.2	0.042047434
3.20625	0.039264096
3.2125	0.041480714
3.21875	0.040543828
3.225	0.041174225
3.23125	0.042155711
3.2375	0.038842818
3.24375	0.042564886
3.25	0.040904915
3.25625	0.0416553
3.2625	0.037948776
3.26875	0.041313724
3.275	0.039939597
3.28125	0.040612265
3.2875	0.041083102
3.29375	0.039321504
3.3	0.04017836
3.30625	0.03815636
3.3125	0.038781121
3.31875	0.037936171
3.325	0.03982129
3.33125	0.041099729
3.3375	0.038518899
3.34375	0.040134801
3.35	0.042268467
3.35625	0.041093382
3.3625	0.04482075
3.36875	0.042274062
3.375	0.045819967
3.38125	0.047562585
3.3875	0.045329626
3.39375	0.047638735
3.4	0.049475865
3.40625	0.049060664
3.4125	0.048690593
3.41875	0.050405811
3.425	0.051036227
3.43125	0.049710011
3.4375	0.050620175
3.44375	0.050539363
3.45	0.052001118
3.45625	0.049745057
3.4625	0.050811832
3.46875	0.049530819
3.475	0.051770596
3.48125	0.052359669
3.4875	0.051951326
3.49375	0.048690598
3.5	0.049944717
3.50625	0.049664238
3.5125	0.0466169
3.51875	0.050127854
3.525	0.049023532
3.53125	0.0494133
3.5375	0.04696808
3.54375	0.048987261
3.55	0.047407084
3.55625	0.046776221
3.5625	0.045014942
3.56875	0.044957891
3.575	0.046095416
3.58125	0.045751444
3.5875	0.047978412
3.59375	0.046103527
3.6	0.045488564
3.60625	0.046986036
3.6125	0.045118289
3.61875	0.043138258
3.625	0.045486558
3.63125	0.045995094
3.6375	0.045888052
3.64375	0.045542038
3.65	0.045289426
3.65625	0.047178771
3.6625	0.045286691
3.66875	0.045992538
3.675	0.04629719
3.68125	0.046252557
3.6875	0.047869903
3.69375	0.046167584
3.7	0.046209866
3.70625	0.046710332
3.7125	0.044064243
3.71875	0.0456416
3.725	0.046127467
3.73125	0.046462112
3.7375	0.045218928
3.74375	0.047643806
3.75	0.04545
3.75625	0.046846027
3.7625	0.047709138
3.76875	0.045494184
3.775	0.045177467
3.78125	0.045895652
3.7875	0.04405996
3.79375	0.043912004
3.8	0.044109866
3.80625	0.044777517
3.8125	0.041629565
3.81875	0.04160229
3.825	0.04414719
3.83125	0.040805231
3.8375	0.041636471
3.84375	0.044736787
3.85	0.043489426
3.85625	0.043132193
3.8625	0.042122435
3.86875	0.04030042
3.875	0.043036558
3.88125	0.042467032
3.8875	0.040310449
3.89375	0.043241177
3.9	0.042888564
3.90625	0.041614359
3.9125	0.043360312
3.91875	0.040139905
3.925	0.042345416
3.93125	0.040269475
3.9375	0.040630212
3.94375	0.039839348
3.95	0.042207084
3.95625	0.042464969
3.9625	0.04002187
3.96875	0.039781223
3.975	0.041773532
3.98125	0.041813908
3.9875	0.04059149
3.99375	0.040531329
4	0.042444717
4.00625	0.041134145
4.0125	0.04210679
4.01875	0.042009494
4.025	0.045220596
4.03125	0.043895352
4.0375	0.045379789
4.04375	0.046806151
4.05	0.048901118
4.05625	0.04727895
4.0625	0.047301094
4.06875	0.050613803
4.075	0.052386227
4.08125	0.053890766
4.0875	0.051623781
4.09375	0.053296257
4.1	0.054275865
4.10625	0.052346871
4.1125	0.054076866
4.11875	0.055923575
4.125	0.054869967
4.13125	0.054422384
4.1375	0.05617735
4.14375	0.051700742
4.15	0.053868467
4.15625	0.051562885
4.1625	0.051976465
4.16875	0.051061089
4.175	0.05277129
4.18125	0.050054122
4.1875	0.051983438
4.19375	0.050695481
4.2	0.05087836
4.20625	0.051727857
4.2125	0.050843871
4.21875	0.051557378
4.225	0.049989597
4.23125	0.049176823
4.2375	0.045549924
4.24375	0.049928205
4.25	0.048704915
4.25625	0.047412431
4.2625	0.046598365
4.26875	0.049571484
4.275	0.048524225
4.28125	0.046315141
4.2875	0.046467803
4.29375	0.046075753
4.3	0.048347434
4.30625	0.049417471
4.3125	0.051001966
4.31875	0.048995317
4.325	0.048574445
4.33125	0.048603163
4.3375	0.048507237
4.34375	0.050345634
4.35	0.049405157
4.35625	0.049984932
4.3625	0.046828995
4.36875	0.049784535
4.375	0.049739466
4.38125	0.048626919
4.3875	0.046199209
4.39375	0.04868004
4.4	0.049377264
4.40625	0.048559322
4.4125	0.050323137
4.41875	0.048325209
4.425	0.049118441
4.43125	0.046441567
4.4375	0.046356906
4.44375	0.049794291
4.45	0.04816288
4.45625	0.048216983
4.4625	0.048419821
4.46875	0.045786288
4.475	0.048310465
4.48125	0.048858265
4.4875	0.045623949
4.49375	0.047079355
4.5	0.047961074
4.50625	0.045997003
4.5125	0.047023239
4.51875	0.048346124
4.525	0.047614583
4.53125	0.048524474
4.5375	0.048477914
4.54375	0.045643076
4.55	0.046870866
4.55625	0.047793021
4.5625	0.043419635
4.56875	0.046983968
4.575	0.046729793
4.58125	0.044953998
4.5875	0.044819795
4.59375	0.046812669
4.6	0.046391232
4.60625	0.046674062
4.6125	0.04474224
4.61875	0.045966626
4.625	0.046455048
4.63125	0.046579691
4.6375	0.047858643
4.64375	0.044187822
4.65	0.046921104
4.65625	0.045541716
4.6625	0.047536512
4.66875	0.045492965
4.675	0.048389261
4.68125	0.050236433
4.6875	0.047770109
4.69375	0.050066305
4.7	0.051959377
4.70625	0.053898069
4.7125	0.052289033
4.71875	0.0545463
4.725	0.05533131
4.73125	0.055193153
4.7375	0.059327807
4.74375	0.058720838
4.75	0.058104915
4.75625	0.056822073
4.7625	0.059878299
4.76875	0.059787318
4.775	0.059680044
4.78125	0.060296302
4.7875	0.059787437
4.79375	0.057259472
4.8	0.059356551
4.80625	0.060876498
4.8125	0.056827493
4.81875	0.059562681
4.825	0.058834284
4.83125	0.057074855
4.8375	0.059624812
4.84375	0.055048938
4.85	0.057313093
4.85625	0.057242995
4.8625	0.054873395
4.86875	0.05555297
4.875	0.056292828
4.88125	0.053939089
4.8875	0.053029917
4.89375	0.054217161
4.9	0.054673334
4.90625	0.05484253
4.9125	0.054701998
4.91875	0.051880322
4.925	0.054254458
4.93125	0.052525866
4.9375	0.054508291
4.94375	0.05314932
4.95	0.054436047
4.95625	0.054310792
4.9625	0.052886305
4.96875	0.053552043
4.975	0.054317946
4.98125	0.054193405
4.9875	0.052713457
4.99375	0.053542033
5	0.0558
5.00625	0.054672727
5.0125	0.054904266
5.01875	0.056903891
5.025	0.056582054
5.03125	0.056303942
5.0375	0.054704478
5.04375	0.057717086
5.05	0.056663953
5.05625	0.054717465
5.0625	0.054130649
5.06875	0.053394501
5.075	0.056645542
5.08125	0.057686584
5.0875	0.054554713
5.09375	0.057999404
5.1	0.056026666
5.10625	0.056207442
5.1125	0.057179165
5.11875	0.054963985
5.125	0.055807172
5.13125	0.053920365
5.1375	0.055461525
5.14375	0.055673202
5.15	0.055086907
5.15625	0.054253202
5.1625	0.056662148
5.16875	0.054581419
5.175	0.055165716
5.18125	0.05486645
5.1875	0.051821076
5.19375	0.053711095
5.2	0.054543449
5.20625	0.055171586
5.2125	0.051712749
5.21875	0.054306376
5.225	0.054819956
5.23125	0.052470901
5.2375	0.05203163
5.24375	0.055092951
5.25	0.054195085
5.25625	0.054292163
5.2625	0.054938662
5.26875	0.054131067
5.275	0.05426869
5.28125	0.052770606
5.2875	0.052818371
5.29375	0.05496559
5.3	0.054440623
5.30625	0.055425488
5.3125	0.055275803
5.31875	0.052594724
5.325	0.055910739
5.33125	0.054758325
5.3375	0.059412491
5.34375	0.057129152
5.35	0.059378896
5.35625	0.058338329
5.3625	0.059794869
5.36875	0.063402364
5.375	0.063244952
5.38125	0.062132827
5.3875	0.062464646
5.39375	0.066563203
5.4	0.066008768
5.40625	0.06459094
5.4125	0.067523006
5.41875	0.065892237
5.425	0.067370207
5.43125	0.068705324
5.4375	0.068045138
5.44375	0.067120436
5.45	0.066929134
5.45625	0.067067594
5.4625	0.064718675
5.46875	0.065649331
5.475	0.065885417
5.48125	0.064150917
5.4875	0.066063761
5.49375	0.064255858
5.5	0.064438926
5.50625	0.064416395
5.5125	0.064455072
5.51875	0.063657449
5.525	0.063089535
5.53125	0.064637377
5.5375	0.063904465
5.54375	0.062348744
5.55	0.06203712
5.55625	0.062887841
5.5625	0.062661096
5.56875	0.06085642
5.575	0.061381559
5.58125	0.062995898
5.5875	0.061565066
5.59375	0.062789636
5.6	0.061922736
5.60625	0.060501303
5.6125	0.05899192
5.61875	0.059981657
5.625	0.062060534
5.63125	0.062832736
5.6375	0.062618255
5.64375	0.063738826
5.65	0.062994843
5.65625	0.061984464
5.6625	0.062826924
5.66875	0.06369903
5.675	0.063525555
5.68125	0.061162888
5.6875	0.063384641
5.69375	0.062246004
5.7	0.063952566
5.70625	0.061225543
5.7125	0.06304917
5.71875	0.061443596
5.725	0.062975775
5.73125	0.064549257
5.7375	0.060501525
5.74375	0.060959847
5.75	0.062495085
5.75625	0.062343921
5.7625	0.060439978
5.76875	0.061563237
5.775	0.062410403
5.78125	0.060896594
5.7875	0.062587381
5.79375	0.060614656
5.8	0.06182164
5.80625	0.062433619
5.8125	0.058162785
5.81875	0.062766523
5.825	0.06152871
5.83125	0.061143921
5.8375	0.062661334
5.84375	0.06059785
5.85	0.061231533
5.85625	0.059668997
5.8625	0.058634321
5.86875	0.060179641
5.875	0.060430033
5.88125	0.060442675
5.8875	0.061943795
5.89375	0.061175808
5.9	0.060924135
5.90625	0.061366164
5.9125	0.059439654
5.91875	0.059795533
5.925	0.060413773
5.93125	0.062375855
5.9375	0.063206672
5.94375	0.06075622
5.95	0.061798882
5.95625	0.061363186
5.9625	0.06392816
5.96875	0.063630346
5.975	0.063679404
5.98125	0.063367912
5.9875	0.065297539
5.99375	0.06704361
6	0.067855283
6.00625	0.069725988
6.0125	0.068697319
6.01875	0.070554162
6.025	0.071226468
6.03125	0.07221322
6.0375	0.074330278
6.04375	0.074452343
6.05	0.072892916
6.05625	0.074368085
6.0625	0.070497697
6.06875	0.074178199
6.075	0.073154584
6.08125	0.074336562
6.0875	0.069846231
6.09375	0.073519514
6.1	0.072511436
6.10625	0.072929894
6.1125	0.070090555
6.11875	0.069233717
6.125	0.070663442
6.13125	0.070071765
6.1375	0.071438498
6.14375	0.069915617
6.15	0.069510574
6.15625	0.069070098
6.1625	0.067848466
6.16875	0.06674123
6.175	0.06825281
6.18125	0.067182002
6.1875	0.068358873
6.19375	0.069375617
6.2	0.067590134
6.20625	0.065817567
6.2125	0.067994493
6.21875	0.063905737
6.225	0.066422533
6.23125	0.06478094
6.2375	0.064245196
6.24375	0.065713534
6.25	0.06715
6.25625	0.068305436
6.2625	0.067296583
6.26875	0.067700236
6.275	0.067772533
6.28125	0.069035564
6.2875	0.068934397
6.29375	0.066102256
6.3	0.068390134
6.30625	0.066532702
6.3125	0.066181579
6.31875	0.069035317
6.325	0.06860281
6.33125	0.065792527
6.3375	0.069104717
6.34375	0.066881751
6.35	0.068010574
6.35625	0.065825507
6.3625	0.064616232
6.36875	0.066795812
6.375	0.067613442
6.38125	0.067340679
6.3875	0.070033561
6.39375	0.067386191
6.4	0.067111436
6.40625	0.065615145
6.4125	0.066004131
6.41875	0.065681643
6.425	0.066104584
6.43125	0.063957854
6.4375	0.066999139
6.44375	0.067690129
6.45	0.065192916
6.45625	0.063966077
6.4625	0.063136433
6.46875	0.064775987
6.475	0.065476468
6.48125	0.066627262
6.4875	0.06554055
6.49375	0.064317682
6.5	0.064555283
6.50625	0.063263803
6.5125	0.062620676
6.51875	0.062743015
6.525	0.064829404
6.53125	0.065154116
6.5375	0.066875011
6.54375	0.066276212
6.55	0.063698882
6.55625	0.06336212
6.5625	0.065912869
6.56875	0.061412319
6.575	0.063863773
6.58125	0.065117226
6.5875	0.061314823
6.59375	0.062152954
6.6	0.064324135
6.60625	0.063023711
6.6125	0.064033517
6.61875	0.063719971
6.625	0.066580033
6.63125	0.065589991
6.6375	0.069352211
6.64375	0.0712637
6.65	0.071131533
6.65625	0.070477048
6.6625	0.072628494
6.66875	0.073029292
6.675	0.07477871
6.68125	0.07342994
6.6875	0.075772352
6.69375	0.075584771
6.7	0.07622164
6.70625	0.077634998
6.7125	0.075226434
6.71875	0.075277953
6.725	0.075660403
6.73125	0.075198871
6.7375	0.075351368
6.74375	0.073674083
6.75	0.075295085
6.75625	0.073129956
6.7625	0.071128411
6.76875	0.073075215
6.775	0.073325775
6.78125	0.07488134
6.7875	0.07032689
6.79375	0.073195587
6.8	0.072052566
6.80625	0.071029869
6.8125	0.07076721
6.81875	0.07181083
6.825	0.070175555
6.83125	0.069365112
6.8375	0.067429563
6.84375	0.069806959
6.85	0.069194843
6.85625	0.066997919
6.8625	0.066801705
6.86875	0.069940821
6.875	0.068410534
6.88125	0.066321871
6.8875	0.067656652
6.89375	0.069943529
6.9	0.069022736
6.90625	0.069688678
6.9125	0.069474493
6.91875	0.066465455
6.925	0.068831559
6.93125	0.069067625
6.9375	0.069584108
6.94375	0.069681298
6.95	0.06913712
6.95625	0.068924423
6.9625	0.068144598
6.96875	0.070187288
6.975	0.069539535
6.98125	0.069744699
6.9875	0.067156055
6.99375	0.069713182
7	0.069138926
7.00625	0.068862795
7.0125	0.065982679
7.01875	0.065555591
7.025	0.068135417
7.03125	0.067070524
7.0375	0.069016047
7.04375	0.068458135
7.05	0.067029134
7.05625	0.067081998
7.0625	0.065509086
7.06875	0.06751371
7.075	0.066420207
7.08125	0.065783614
7.0875	0.067393201
7.09375	0.065107771
7.1	0.066108768
7.10625	0.064724882
7.1125	0.064069355
7.11875	0.06611184
7.125	0.065194952
7.13125	0.0651947
7.1375	0.067953864
7.14375	0.063836826
7.15	0.064978896
7.15625	0.065555976
7.1625	0.061576261
7.16875	0.065271586
7.175	0.064460739
7.18125	0.062440632
7.1875	0.062501819
7.19375	0.063804395
7.2	0.064040623
7.20625	0.061518807
7.2125	0.061372922
7.21875	0.062204973
7.225	0.06371869
7.23125	0.06256624
7.2375	0.061885059
7.24375	0.062463346
7.25	0.063495085
7.25625	0.063360037
7.2625	0.064542851
7.26875	0.062128414
7.275	0.064069956
7.28125	0.062902113
7.2875	0.067849729
7.29375	0.063680529
7.3	0.066843449
7.30625	0.066332639
7.3125	0.069018633
7.31875	0.070977418
7.325	0.070215716
7.33125	0.071163179
7.3375	0.075147636
7.34375	0.072042457
7.35	0.073386907
7.35625	0.074534908
7.3625	0.075894157
7.36875	0.071306193
7.375	0.074557172
7.38125	0.075164677
7.3875	0.07418254
7.39375	0.073732817
7.4	0.074426666
7.40625	0.076005004
7.4125	0.0729736
7.41875	0.072297818
7.425	0.073095542
7.43125	0.071040586
7.4375	0.07184171
7.44375	0.073473571
7.45	0.071163953
7.45625	0.071479531
7.4625	0.072983391
7.46875	0.069149845
7.475	0.070032054
7.48125	0.069827537
7.4875	0.070346263
7.49375	0.067863991
7.5	0.0682
7.50625	0.06562737
7.5125	0.064382117
7.51875	0.065976879
7.525	0.067267946
7.53125	0.065300942
7.5375	0.064187775
7.54375	0.068573757
7.55	0.066536047
7.55625	0.064757249
7.5625	0.063390692
7.56875	0.064637315
7.575	0.067004458
7.58125	0.068067816
7.5875	0.068238021
7.59375	0.06852648
7.6	0.067673334
7.60625	0.066254425
7.6125	0.064590333
7.61875	0.068382812
7.625	0.067942828
7.63125	0.065275373
7.6375	0.065323008
7.64375	0.069371109
7.65	0.067213093
7.65625	0.069080485
7.6625	0.065219489
7.66875	0.064291524
7.675	0.067384284
7.68125	0.06811073
7.6875	0.06686602
7.69375	0.065602324
7.7	0.066756551
7.70625	0.066133359
7.7125	0.067462938
7.71875	0.064232586
7.725	0.065630044
7.73125	0.066898573
7.7375	0.064773329
7.74375	0.064086639
7.75	0.064804915
7.75625	0.065676905
7.7625	0.066044302
7.76875	0.062619947
7.775	0.06428131
7.78125	0.065394076
7.7875	0.066135255
7.79375	0.06472838
7.8	0.063959377
7.80625	0.06187925
7.8125	0.059969056
7.81875	0.062525672
7.825	0.063939261
7.83125	0.064321277
7.8375	0.063602649
7.84375	0.062278683
7.85	0.063521104
7.85625	0.0616391
7.8625	0.063219431
7.86875	0.059816812
7.875	0.062905048
7.88125	0.063820618
7.8875	0.062351966
7.89375	0.062059067
7.9	0.062591232
7.90625	0.060003575
7.9125	0.059769558
7.91875	0.060563002
7.925	0.062179793
7.93125	0.061779892
7.9375	0.060129251
7.94375	0.063326311
7.95	0.061870866
7.95625	0.063067838
7.9625	0.064034923
7.96875	0.0620343
7.975	0.064564583
7.98125	0.064708672
7.9875	0.068311228
7.99375	0.067890651
8	0.068361074
8.00625	0.069936054
8.0125	0.072339819
8.01875	0.069158434
8.025	0.071860465
8.03125	0.072319959
8.0375	0.070399526
8.04375	0.072382245
8.05	0.07366288
8.05625	0.071769709
8.0625	0.071778723
8.06875	0.073933696
8.075	0.073768441
8.08125	0.074395949
8.0875	0.073006687
8.09375	0.07130623
8.1	0.072877264
8.10625	0.072550653
8.1125	0.07293679
8.11875	0.069484611
8.125	0.071389466
8.13125	0.068475597
8.1375	0.071259544
8.14375	0.06792963
8.15	0.069505157
8.15625	0.070036855
8.1625	0.06542882
8.16875	0.066040412
8.175	0.067924445
8.18125	0.066107944
8.1875	0.064716812
8.19375	0.066923105
8.2	0.066347434
8.20625	0.066135267
8.2125	0.066301345
8.21875	0.066948019
8.225	0.066574225
8.23125	0.063794144
8.2375	0.063420759
8.24375	0.064087639
8.25	0.066304915
8.25625	0.065512828
8.2625	0.066826951
8.26875	0.067232196
8.275	0.066639597
8.28125	0.067084457
8.2875	0.068803232
8.29375	0.065689281
8.3	0.06757836
8.30625	0.067773324
8.3125	0.066979842
8.31875	0.066562526
8.325	0.06732129
8.33125	0.066733939
8.3375	0.068465279
8.34375	0.065298982
8.35	0.067468467
8.35625	0.066707293
8.3625	0.065326975
8.36875	0.064428262
8.375	0.066519967
8.38125	0.067454209
8.3875	0.066472749
8.39375	0.066847387
8.4	0.066175865
8.40625	0.067437394
8.4125	0.062913519
8.41875	0.065523383
8.425	0.065136227
8.43125	0.066547794
8.4375	0.063279706
8.44375	0.065375588
8.45	0.065001118
8.45625	0.064779345
8.4625	0.066706584
8.46875	0.065712124
8.475	0.064470596
8.48125	0.062923762
8.4875	0.066341636
8.49375	0.062440344
8.5	0.063944717
8.50625	0.06251827
8.5125	0.063358616
8.51875	0.064048034
8.525	0.063523532
8.53125	0.061859398
8.5375	0.061291751
8.54375	0.063312942
8.55	0.063407084
8.55625	0.062426113
8.5625	0.061259887
8.56875	0.064123826
8.575	0.062795416
8.58125	0.061019018
8.5875	0.060735961
8.59375	0.064397009
8.6	0.062788564
8.60625	0.062162556
8.6125	0.063217332
8.61875	0.064130719
8.625	0.063886558
8.63125	0.06338646
8.6375	0.066793174
8.64375	0.067208452
8.65	0.066289426
8.65625	0.069120286
8.6625	0.06787894
8.66875	0.06703609
8.675	0.07029719
8.68125	0.069865954
8.6875	0.074588394
8.69375	0.072266512
8.7	0.073509866
8.70625	0.073442667
8.7125	0.072850644
8.71875	0.07224339
8.725	0.075227467
8.73125	0.074919967
8.7375	0.0751627
8.74375	0.073291022
8.75	0.07505
8.75625	0.074575859
8.7625	0.074057434
8.76875	0.072981772
8.775	0.074577467
8.78125	0.071357763
8.7875	0.073666804
8.79375	0.073322192
8.8	0.072409866
8.80625	0.072397597
8.8125	0.069131857
8.81875	0.069145606
8.825	0.07104719
8.83125	0.069457795
8.8375	0.071886886
8.84375	0.069003098
8.85	0.069689426
8.85625	0.070567439
8.8625	0.068498788
8.86875	0.066485136
8.875	0.068936558
8.88125	0.069115273
8.8875	0.068078844
8.89375	0.066437961
8.9	0.068088564
8.90625	0.068321904
8.9125	0.066973354
8.91875	0.069272362
8.925	0.069245416
8.93125	0.067864213
8.9375	0.069314022
8.94375	0.070389254
8.95	0.069507084
8.95625	0.070438395
8.9625	0.070398781
8.96875	0.067880138
8.975	0.069773532
8.98125	0.069182696
8.9875	0.072694685
8.99375	0.070512852
9	0.069644717
9.00625	0.071900903
9.0125	0.068928521
9.01875	0.068474802
9.025	0.069920596
9.03125	0.068780198
9.0375	0.066961377
9.04375	0.069638374
9.05	0.069101118
9.05625	0.070494846
9.0625	0.066643652
9.06875	0.068822056
9.075	0.068886227
9.08125	0.069899462
9.0875	0.06814654
9.09375	0.066098136
9.1	0.067975865
9.10625	0.069690893
9.1125	0.068691952
9.11875	0.068037717
9.125	0.068169967
9.13125	0.065282844
9.1375	0.067234212
9.14375	0.06598246
9.15	0.067768467
9.15625	0.065453561
9.1625	0.063669576
9.16875	0.067612985
9.175	0.06727129
9.18125	0.065726991
9.1875	0.066711747
9.19375	0.0657155
9.2	0.06677836
9.20625	0.064992797
9.2125	0.06588009
9.21875	0.065329213
9.225	0.066589597
9.23125	0.064707936
9.2375	0.064707097
9.24375	0.065451983
9.25	0.066304915
9.25625	0.067211312
9.2625	0.063854129
9.26875	0.064746177
9.275	0.066524225
9.28125	0.064725027
9.2875	0.065958829
9.29375	0.06580733
9.3	0.067347434
9.30625	0.066360939
9.3125	0.070450625
9.31875	0.066247467
9.325	0.069474445
9.33125	0.069658143
9.3375	0.072395379
9.34375	0.072155277
9.35	0.074005157
9.35625	0.074276023
9.3625	0.078743178
9.36875	0.077420181
9.375	0.078039466
9.38125	0.080457337
9.3875	0.076540865
9.39375	0.078840669
9.4	0.079977264
9.40625	0.082448836
9.4125	0.081879362
9.41875	0.081969844
9.425	0.080018441
9.43125	0.078446693
9.4375	0.081169694
9.44375	0.077728345
9.45	0.07906288
9.45625	0.080753032
9.4625	0.075658947
9.46875	0.078748943
9.475	0.078310465
9.48125	0.07737073
9.4875	0.07458707
9.49375	0.075775411
9.5	0.077261074
9.50625	0.077526893
9.5125	0.074102169
9.51875	0.076482684
9.525	0.075214583
9.53125	0.076087133
9.5375	0.075507324
9.54375	0.075673253
9.55	0.074370866
9.55625	0.073729748
9.5625	0.07541182
9.56875	0.073930235
9.575	0.074629793
9.58125	0.07337735
9.5875	0.075274177
9.59375	0.072946284
9.6	0.074991232
9.60625	0.076573146
9.6125	0.072277423
9.61875	0.075500418
9.625	0.075555048
9.63125	0.075293511
9.6375	0.076005484
9.64375	0.075635274
9.65	0.075821104
9.65625	0.074692884
9.6625	0.073272487
9.66875	0.07505734
9.675	0.075989261
9.68125	0.078167546
9.6875	0.077135456
9.69375	0.074417551
9.7	0.076659377
9.70625	0.075712662
9.7125	0.075490816
9.71875	0.076504118
9.725	0.07563131
9.73125	0.07634216
9.7375	0.076172807
9.74375	0.07604131
9.75	0.075404915
9.75625	0.075831458
9.7625	0.077137763
9.76875	0.073667995
9.775	0.074780044
9.78125	0.075303938
9.7875	0.075825047
9.79375	0.072552798
9.8	0.074456551
9.80625	0.072786452
9.8125	0.073161922
9.81875	0.073859172
9.825	0.073834284
9.83125	0.071963271
9.8375	0.073404879
9.84375	0.07217735
9.85	0.074213093
9.85625	0.073473768
9.8625	0.073466208
9.86875	0.075022613
9.875	0.073692828
9.88125	0.072119372
9.8875	0.071878909
9.89375	0.073743627
9.9	0.074273334
9.90625	0.07522788
9.9125	0.072181694
9.91875	0.074569516
9.925	0.074154458
9.93125	0.075311583
9.9375	0.074693275
9.94375	0.074359539
9.95	0.073936047
9.95625	0.074471591
9.9625	0.071652726
9.96875	0.074357009
9.975	0.074417946
9.98125	0.076371135
9.9875	0.072253882
9.99375	0.075319196
10	0.0753